Symbol
CRG.IR
KRZ.IR
FLTR.IR
RYA.IR
KRX.IR
SK3.IR
BIRG.IR
A5G.IR
GL9.IR
GRP.IR
HBRN.IR
UPR.IR
GVR.IR
DHG.IR
C5H.IR
IRES.IR
GYQ.IR
IL0A.IR
IR5B.IR
KMR.IR
OIZ.IR
EG7.IR
MIO.IR
MLC.IR
HSW.IR
CORRE.IR
DLE.IR
HBCN.IR
EXR.IR
DQ7A.IR
PZQA.IR
OVXA.IR
ORQ1.IR
